# エリア設定: Munich, Germony
center_lat: 48.136946449342624
center_lon: 11.614872892883561
area_size_m: 500.0
cell_size_m: 2.0
