# エリア設定: seattle, Amazon Spheres
center_lat: 47.61565392073464
center_lon: -122.33910869191322
area_size_m: 500.0
cell_size_m: 2.0
